14/12/2022 21:21:34 :
FGT1(bot): 11.432183C (1.445919V)
FGT2(top): 11.824705C (1.465545V)
BPT      : 22.789567C (2.082814V)