21/11/2022 14:05:36 :
FGT1(bot): 22.300129C (2.099689V)
FGT2(top): 21.986255C (2.072188V)
BPT      : 23.343023C (2.115440V)